0     0.002512967232805141     0.0     0.0
1     8.887838721424179E-4     5.41394453554241E-4     0.0
2     3.1423970198929396E-4     1.9151472338437464E-4     1.4992247987990275
3     1.111006396069536E-4     6.771302079411345E-5     1.499950121891107
4     3.928000990027769E-5     2.3940209902225302E-5     1.499997480235874
5     1.388758071552143E-5     8.46414306158542E-6     1.499999884242209
6     4.910001249691653E-6     2.9925264886099257E-6     1.499999994831959
7     1.7359475893430343E-6     1.058017886782873E-6     1.4999999995982203
8     6.137501560310454E-7     3.740658111039963E-7     1.5000000002947322
9     2.16993449209113E-7     1.322522356073108E-7     1.5000000023293285
