0     0.04044011451988094     0.0     0.0
1     0.01634603522555267     0.008031359764776091     0.0
2     0.006310730339495474     0.0033451016286857316     1.2635942241265214
3     0.00236550546333536     0.0013150749587200379     1.3469050076755626
4     8.70009013988704E-4     4.984988164488853E-4     1.3994830504228368
5     3.1601981140549906E-4     1.8466306752773498E-4     1.4326947220714503
6     1.138365484782966E-4     6.739442097573414E-5     1.454194284540645
7     4.077398956392475E-5     2.4354186304790616E-5     1.4684593853639707
8     1.4547456709479434E-5     8.742177618148439E-6     1.4781051869302262
9     5.17622134910134E-6     3.1237451201260313E-6     1.484715947651018
