0     0.16666666666666663     0.0     0.0
1     0.0631132760733929     0.03451779686442458     0.0
2     0.02338362042392006     0.01324321854982428     1.3820865974627445
3     0.008536445042212293     0.004949058460569256     1.4200277992274162
4     0.0030854697894383554     0.0018169917509246458     1.4456022142823939
5     0.0011077303877248257     6.592464672378432E-4     1.4626620296786659
6     3.958552881599964E-4     2.3729169985494308E-4     1.4741562971345163
7     1.4100936984029477E-4     8.494863943990053E-5     1.481998891760898
8     5.011769013874012E-5     3.0297226567184882E-5     1.4874051067428389
9     1.7785116713686655E-5     1.0777524475017822E-5     1.4911598954810985
